0.3894077451402289
0.4339637078792169
0.7428291550467936
0.9086936782777411
1.038822308039009
1.2857087234367093
1.729245747760677
1.869993261170526
2.14402579657639
2.1543154537742293
2.249741792532136
2.4670097857353923
2.7120578390423145
2.7165715815190694
2.817383648434637
3.14020888515417
3.2677651126696983
3.429297677632963
3.899725257167095
3.956300921709115
4.492157943282091
4.592120869410445
4.781007477343282
4.878182872966761
4.9132738316726865
5.0566738976924785
5.101813565731241
5.197951816753372
5.610636959917903
5.724096265127461
5.818546717677782
5.883332473151288
6.145541097775782
6.359732943531444
6.365088769546237
6.580715336634944
6.586372870542192
6.6669860479673915
6.726018285973279
6.864649248572459
6.93195781229397
7.117645357264024
7.150846794425103
7.286468270609161
7.455388661045239
7.5122763454596075
7.5646775031992775
7.586154463345416
7.607726074834211
7.638407815594164
7.759659453411185
8.120448159645788
8.46348936948516
8.47309371941467
8.736581918890316
9.147580889833309
9.154568059765129
9.267550996383465
9.40994351213849
9.600101621686488
9.910960105238535
10.000425097525314
10.203304135193187
10.33310185641664
10.467376873304453
10.702054006402504
11.353595588207579
11.382091265212182
11.555947341981048
11.801026948503281
12.117562802826676
12.182946263053802
12.25396611322342
12.293766228801433
12.573002297495472
12.9516414743643
12.98838400719144
13.60154650536363
14.014098133217345
14.089452784233618
14.615846145445888
14.811099743540215
14.883384336669296
14.887591356428187
15.02615058090492
15.028198324794193
15.093694382201885
15.142984024879471
15.204344768144296
15.531270250349554
16.093109622558828
16.169596935137385
16.361405082349442
16.402607955391222
16.531631225468473
16.698977765533776
16.994313313704996
17.84050812576904
17.962569811116698
18.25035504512611
18.40442193905715
18.41172894114612
18.59077213330579
19.026432084513658
19.105749358193293
19.18128124982821
19.31485740666777
19.655796312055436
19.69232387222066
19.744199841642562
19.993765448807316
20.115656895296816
20.269398051457436
20.312562929783773
20.687952967282868
20.750256423056996
20.761722189487315
20.789377796086512
20.799644235485715
20.81019177350594
21.02037177307171
21.042045668312284
21.069517816752487
21.16161182076933
21.178706217403285
21.34247726226949
21.34727379698818
21.436214775607063
21.7634028516248
22.01527055673525
22.038696214850972
22.514821682273876
22.7778949615604
22.850967127689003
22.853184914397666
22.87110535351781
22.934720115333207
22.966226518112496
23.226813339364636
23.492529944701275
23.797049260631944
24.027691032542933
24.076081166502192
24.10143794140044
24.306020966987596
24.323456053255804
24.400202728754643
24.578327274426435
24.587753495810027
24.605810462959063
24.825205675596784
24.831932833700854
24.91505940766065
25.035549342338168
25.104639717166293
25.10837870142585
25.136021221063043
25.192148559485183
25.271609878656413
25.350567223564646
25.401165634275102
25.456362075716747
25.492767634253024
25.54271150401601
25.842798028075727
25.872697726733005
26.18623768287275
26.198466288342075
26.58243828040223
26.691570306431302
26.828453822754483
26.985349006984922
27.219079087707083
27.250889831167964
27.281579004563696
27.344585527778015
27.380029099894266
27.414363794804125
27.512182656502482
27.613994873711665
27.675350385101616
27.886318260411258
27.924789706965967
27.962419626349355
28.125880276307313
28.44168660367341
28.6733735581642
28.92892112530504
29.016869141162445
29.021174184107288
29.052448594856088
29.31527415286351
29.316673751289883
29.323168422120638
29.482892275692407
29.49574430835103
29.50926954556391
29.621473583336872
29.644227999325796
30.297534091311036
30.54312121547696
30.696084583943062
30.728992485639246
30.968080410523157
30.988686092663002
31.091494274363
31.21306063930379
31.325620780238914
31.759747081158068
31.81462146505116
31.960274841572467
32.2504444166227
32.255664862564196
32.400890489391855
32.65306603585775
32.73630181939482
32.807518827302985
32.917135401338
32.92066544820167
32.939909045493145
33.19691301114208
33.218278320355694
33.35824359438944
33.39703533070319
33.57188189026357
33.93877698497006
33.944522651563005
34.32952818103168
34.52991496786637
34.605209746035435
34.818961283575334
34.91440081166057
35.187712439566184
35.264348550227076
35.39741771536106
35.6268236917344
35.68960754682158
36.062318234327265
36.33774333967064
36.46265820839385
36.7920790269298
37.115553067165536
37.343476663621374
37.53296668395615
37.5540590668477
37.73117128555788
37.7712701875286
37.8924369141247
37.94528148475872
38.015924094504285
38.04374530419929
38.1917543534691
38.515235811489255
38.53131206012438
38.850675940818995
38.918270518312255
39.07680549872712
39.09260951238216
39.24419869789165
39.29383761352469
39.33104057467753
39.39452875625253
39.45383973510591
39.49280290378219
39.84621355866865
40.121275108006614
40.1332102747087
40.14544527987246
40.239469356081976
40.69014928829981
40.7895166197038
40.8522996173065
40.97746214654224
41.007254459082844
41.04327014241928
41.137737863803345
41.2536180287701
41.55059629971234
41.80849671034216
41.91772183869986
42.08982942946304
42.58506553086236
42.7046658725252
42.862399672459695
42.94365987060666
43.02022732736906
43.142948272408944
43.260054990873215
44.0393744269541
44.055974564950304
44.44118676555502
44.50070578025609
44.571693020370745
44.631827670804626
44.748790133868454
44.832970879614976
45.24906576357257
45.78948310240656
45.82032844839975
45.929507725907406
46.02081245493687
46.056774106698626
46.312241588623195
46.52457840491026
46.54277972887975
46.72523026304107
47.154147893999735
47.38833266497132
48.04257194459105
48.152788729898894
49.12576642052004
49.434830080850304
49.49640445774867
49.534051164458326
49.898489299806826
50.194469754421675
50.226512900058765
50.30540910964501
50.67096393522802
51.138183397672506
51.29920833738731
51.53070075877706
51.939987140658744
51.961179506123415
52.301622001469966
52.372498177853146
52.502245099123996
52.60075486029447
52.66956845394657
52.763449687231805
52.811348201507045
53.27331378587503
53.48874571986627
53.51778519561958
53.52929544823246
53.93351081128106
54.12819919079438
54.14280642324772
54.22500990707071
54.26090627710228
54.768501483783155
54.86573213422954
55.03836071200659
55.123381122893925
55.126339583348766
55.38466842057805
55.40860621014823
55.43043425330187
55.49595902427119
55.53145643771234
55.560162453000515
55.73227456317596
55.877239367818916
56.30516394741641
56.40727424733474
56.47502809363891
56.66677460517863
56.93557538980762
57.19149604000531
57.45644814380205
57.85970710567071
58.221943695058144
58.322985998122405
58.44706546889942
58.50556224067272
58.52144386322496
58.73156265796953
58.74929907576749
58.763428904024536
59.06219329579652
59.3333635071665
59.43101598766088
59.5552131867736
59.67460331047814
59.788724956493525
59.81303304318874
59.91682796353602
59.9951383182559
60.08205394043844
60.183252027790104
60.558160130183374
60.56381456878874
60.64283164838385
60.65301741387313
60.78155819408583
60.813199159280764
60.84699523502137
60.93456793178429
61.23983894408876
61.49408673775525
61.69594077881543
62.07903586828566
62.23076741951219
62.36904611033687
62.5860599218069
62.91351368444893
62.966205911266535
63.01763181171779
63.068313622589194
63.111258772685005
63.25491626441632
63.444754722172334
63.52776457032621
63.583544849461184
63.73941244841209
63.79893654225238
63.96007953520075
64.15992820988953
64.73089982679723
64.853652520172
64.8729170586696
65.48452369456857
65.8705414919868
65.98778889501564
66.01214322853382
66.04532241451128
66.21546523420308
66.37728142359116
66.62869419279836
66.71304190848956
67.00811235093842
67.06009571671981
67.10860061968677
67.1886566363271
67.57111011444027
67.66409969903361
67.81773726874282
67.84052171265807
67.86862788946598
67.89714610552623
68.00778144708508
68.28675409330873
69.07699945642102
69.30152785309758
69.48244698854184
69.66604948001462
69.7136989573457
69.76229893951347
69.88514896850974
70.04712600364913
70.40659563569135
70.62344395949279
70.74527813053487
70.9606268904761
71.3395932637535
71.4808320336358
71.5222430240715
71.59499623197364
71.6864321668055
72.2939595697645
72.35681405029388
72.38965921780955
72.68539872379874
72.73927172522718
72.75923439563921
72.8310516563671
72.94695196558395
73.0185108380868
73.3551536042489
73.3974654034782
73.43430379101177
74.07281956341376
74.07381576381324
74.2010009881145
74.33594347503578
74.34026243169721
74.45886037614017
74.50081877918058
74.81426562111467
75.34579636128205
75.49438227849421
75.53680972252336
75.54033159710168
75.69961793322557
75.73718727066205
75.76039085509903
76.20657059218563
76.23671547033118
76.35012562927636
76.70903095448598
76.75925215614184
76.88053859800446
76.89582001127651
77.00316417921505
77.01717327522061
77.15441559855269
77.22600396715428
77.39284561801911
77.59341391635843
77.63344798487972
78.00146471156816
78.06113880769043
78.29330072466308
78.39046945823581
79.12371792207506
79.12800543975669
79.29480818003356
79.32252592929319
79.73078428126497
79.98792993448984
